735286
2012383
93751
1257442
1520010
1324602
1324601
1324595
1645838
1324599
1006249
1975354
732812
315066
895421
1214717
913414
1085917
901843
1363391
73124
904571
1422849
1599898
1446194
1446580
1418660
1610520
884546
914208
1423053
902219
1562230
1390777
1000275
1422848
1721695
1256909
1503309
1437579
1595888
861177
820027
764068
312069
38777
1450709
1871926
1102113
1407543
1229262
1224696
932859
1114446
1109448
1495115
720005
1067983
1403438
1280690
1022437
1417544
728612
1026420
312070
835271
850529
1695320
874779
1233991
1362244
9622
1161787
831001
713676
1273087
1274173
1008932
1126328
1452861
200217
1094589
769734
1859606
1166588
1084208
887793
52388
748054
898420
1089113
812295
1488542
1897612
200245
700691
1388402
1811242
919079
53417
1445893
1582202
1475365
2026754
1305227
917129
939222
895502
1675365
315030
1388399
1086364
1497973
1164508
1498187
1465109
1257165
1891397
1348883
1125816
1385495
1030914
1046017
1543099
944388
1056053
1115418
1540235
928047
1086888
318989
1608046
1283718
1034182
1364615
1086619
1343498
1156827
1167557
1218210
720672
1503764
1542456
2020530
1559265
1535929
1993888
1068837
1418112
1694217
1317808
1632341
2000219
1729829
1575710
927337
1050459
1386060
1642575
1647094
81273
1680208
1081019
1508208
1145619
1580862
316011
1318757
869178
1418333
1535323
946431
1325091
1462284
1462245
1692234
312272
919859
1137774
1697619
1345929
1388401
810265
1508097
94403
1037389
727770
216543
1207017
1077479
1085972
1600094
740906
1461626
1697233
92230
830013
1553998
1466153
1948780
1230193
1218710
1534822
1546007
813917
1114667
1316541
1632425
1890906
277795
1426606
1362941
1054074
845563
1018331
1284812
1140465
1165408
1075869
1163653
1254859
1535588
1167717
1632972
1454984
1648711
1666741
1453735
1418773
1716774
947263
1456228
1581798
938076
860644
2057170
1557184
1986209
1566475
1230239
1325447
898286
910820
1298088
1179157
1705339
2057123
2022033
1535845
1179392
1421224
1420473
1056288
2006397
1421897
918509
1434820
1677044
1041839
1756111
1389958
1389956
1478735
2034430
1357955
2056307
67088
1336397
1541816
1603466
1230788
1647251
314969
1579960
1388391
1102598
863748
1633901
1166559
1050470
948669
1445956
1140211
1616667
1441689
1021223
1443066
316744
1739439
1599966
1542153
1512024
2048047
1899384
1891811
1637460
1722329
1061186
1074031
854157
1462160
1450698
1426196
2056687
1011607
1520354
1763921
1043187
1521001
1456191
2011492
1344551
1230246
1418329
1644956
916542
796370
1329948
1368163
1323645
932540
2035123
1700574
1519964
1103728
1696868
1393825
885062
1434819
1411306
1411133
1456785
1997405
1505708
1034524
1279967
1330437
1103804
1462020
1644493
1978885
1313360
898427
1021926
923093
701059
1164833
838135
1521019
1419186
1062577
1020066
1778719
1065521
907692
860561
1027796
314984
1723502
1385494
1076598
1505817
313028
1007280
35528
36270
1588340
902266
945631
1556921
1167483
1550100
35527
1998033
1587973
1082327
1593051
949308
1767640
1023875
1009289
884414
1761054
1453072
1535847
900973
805745
1021944
1730242
1373636
1398318
1415227
1007281
1393818
796848
820478
901541
1163648
1481045
1545860
1268525
1389426
315297
1765064
1012467
1396318
1592643
1575677
2011612
1316507
1596800
1135730
1177206
1628493
1470801
1666144
1483066
1650150
1758720
1767611
1280110
1569205
1467728
2062680
1179124
1217541
2030060
1456670
2033785
310051
1350694
1577010
1454027
1526648
1939738
1802539
1102578
922898
1538449
918950
1351991
1830819
1717443
1534653
2022297
1365324
1761013
883677
937615
1116578
1665198
2054951
872259
1536140
1305841
1703301
1505923
1260496
947529
1335644
1667108
1529735
1512287
1274981
1330434
1335794
1328575
1557017
909661
1290668
814133
1484429
1555170
1694164
1063873
3520
1663865
1889539
1036325
762152
1447391
1376113
27135
1542577
1113957
1632552
1463464
1083190
1633516
1529090
940594
1646247
1749768
1665241
1375534
1603465
1567755
1303042
1715163
1837309
1439303
2059323
1228242
938772
1537014
1123778
1745981
1475597
1558481
1567137
1582152
1140601
1279936
1351917
1506486
1506485
1784547
928633
1759654
2022321
790502
1791786
937611
904495
1157765
1324943
22362
2056094
1980365
1731012
1908450
1279396
1664809
1463559
1056508
1450701
1039765
2055810
1551738
1483866
2028017
1232395
908777
1352187
829108
1315478
49205
1482880
1344395
1587381
1534866
1553562
1005354
1281761
1989400
1535815
824507
1040197
1165002
1904893
1603328
1218806
1081407
1717509
928196
1323255
60086
1697576
1450705
1599900
1666940
1607635
1056527
1014885
1779789
1531721
1540569
1087733
1423442
1426919
1426092
1535602
1481669
1297254
1600064
1537825
1999606
1544935
1871769
1658263
1759760
1510387
1911253
1082463
1336528
1425851
1697723
1351450
1372312
1463217
919192
1633867
1061165
1566728
1346952
2012090
1707738
1053321
1708828
96223
1960050
1723397
2012113
1096343
1034180
1798849
1078013
850401
1542927
1131154
714142
1398739
1731509
1730859
1162170
1908923
1034551
1283072
1082917
1697816
1086483
1650290
1578621
1607841
1333986
1727336
1215838
1701879
1706766
1112520
1512857
1223779
1134560
1302836
1637541
1632508
932974
1857666
1802647
1736225
1021642
24386
1697748
842180
1541448
2040686
1015079
1133639
1411530
1158011
1351950
1664193
2007591
1086318
1376192
1666335
1827377
1725296
1687241
1315868
1996454
1632511
1070134
1367401
1549649
1435946
107136
1761755
1698246
906304
729056
1510481
1577619
814519
1998532
1849486
1060349
891478
1106129
1263508
1954243
1774552
1299351
1265287
860643
1426266
1744317
1778131
1579409
1370102
1056823
1510483
1114618
1512449
922127
1548392
1581811
1939232
1362535
1527641
1725950
1858789
2069049
1633445
1737109
1633868
1326234
1731446
946754
936753
1913045
1435066
275216
1690370
1802900
1086431
1162777
2024579
1656456
1279891
1540880
1904976
1927543
1647273
1280965
1536105
1568787
1050471
1615423
1071640
1772373
62039
1549547
1269119
1625244
33179
1742040
1456075
1026720
1086477
1544576
1013143
1845724
1588873
1094749
1303159
1788587
1632025
1856022
1535865
2024532
1480751
18349
1376879
1302751
1429390
1352851
1475940
905567
1455915
1824868
2053370
1776936
1632813
921669
1503174
1472190
1542143
1341401
1313756
1548249
1415064
945425
1831577
1911278
1120927
1422318
2022028
1534949
1824875
1767471
1451623
1446179
2054683
1145020
39263
1415912
1582681
1442854
1868537
1517857
1410251
1142147
2052902
1658020
1592828
1844757
1599584
1442056
1314440
1007295
1509842
1667118
1541910
1697765
1539994
1445065
1744347
743127
729058
1672594
1767306
1916757
1421097
1504716
1050743
1847785
900203
1029160
937567
1316617
1621225
1599383
1601086
1309613
882928
1163744
1380443
1843723
949623
1167303
1542302
1868872
1612865
1040273
1493215
1033984
1679543
1747057
1006378
1535385
1560123
1948391
1970075
1512859
1345576
1344114
842775
1329883
1679031
1709632
1728354
1633313
1544204
1506281
1629649
846222
1619124
2044885
1983408
1908219
1377581
1112325
1482689
1313816
1483859
1352924
1750222
883961
1535452
1569758
1513319
933429
1954015
1911832
2055548
1600095
1727599
1649451
1346824
1107310
700683
1082809
1008322
1682267
1620220
1559921
1694870
819684
2012816
1578177
1317724
1510159
1457320
1427008
1969566
1539041
1962449
903949
1352269
1027814
1374889
1387322
1214639
1315421
1071061
1539204
1649647
934639
855870
1631562
1569709
837592
1358706
1593324
1574947
1059957
1687882
1687509
1559706
1418226
1890222
1861796
1769646
1720792
1517137
1517138
1525234
1842702
1022837
1496637
1560808
1105005
1398346
1743404
944361
2056095
2056211
1009232
1545030
1556785
1297376
1891399
1791965
1565854
1456048
2001019
1426853
1409661
1719165
1308527
1449434
1790787
1388814
1054587
1573876
1716607
1107314
949509
1015308
1732008
1469475
869353
1612389
1582732
1126395
1312908
1630228
1831307
1779672
1335977
1903793
1998653
1562855
1456421
1009258
1317583
1537191
1442891
10742
1055969
891287
1541743
1585859
1631014
1541617
1167660
1357550
1357643
1861228
1542265
1298983
1780570
1811568
1538846
1549275
1876496
1825516
1288595
1595082
1448574
1789779
1024896
1008894
1770632
1796107
1543151
1165797
1571556
1508822
1595880
1590228
940755
1379383
1602189
1843730
884566
2056088
1297496
317745
1082339
85816
1088950
1928502
1589122
1769897
1426319
1513006
36029
1302797
914976
1657968
1418814
1351069
1050477
1738726
1597787
1597786
1764387
949615
1505183
1651424
2045083
1729489
1469751
1269094
1331875
20286
1446114
1685771
12600
1674546
1113000
889232
1690010
786393
1317823
1597694
1065349
1697868
1649592
1512538
1273887
1553733
1578242
1541625
1379348
5272
1932771
1326389
1518837
1548916
2056097
1600285
1631353
1063571
769317
1732811
1071483
1167456
1511506
1795552
1002784
1055951
1123274
1378378
1378376
1378379
1378377
1319998
884589
1845793
1197921
1277403
700529
1352864
1739361
1895362
1894864
1984029
1528214
1964962
1324290
1449651
1435028
2001015
1642343
1426748
1688906
1276918
1728584
944804
1645382
1522877
1138995
1418427
1175523
2046751
1332905
1540826
1275218
791185
1399794
1633822
1581449
1442737
1733173
1390202
1107261
1209324
2056425
1766347
1080171
1666905
936944
1803916
1097248
1992825
1749851
1737410
1575239
1327354
1638555
1768375
1510434
1040508
1736982
1434866
750641
1257391
1748271
1652594
1499094
1658535
1184915
1793432
2014862
1732768
2055872
1143718
1316278
1011443
1838615
1556218
1977602
707179
1527166
1549230
1079935
1911056
1351731
1966898
1675884
1214822
1655374
1127508
1904154
1345471
928264
1345472
928265
1683059
1539919
1633387
1510281
1354120
1427748
2033536
1039348
1768066